Output_UTK:
  n_B: 0.10000000000000001
  Y_e: 0.40000000000000002
  T: 0.15203192148469188
  fint: -0.031247600971424698
  A: 2.7078940876750366
  Z: 1.3294634560631944
  ξ: 0.89924962730179658
  flag: 10
  log_xn: -0.24268192127705351
  log_xp: -0.45237784386428831
  Fint: -64.412944831435325
  Sint: 2.8074269334549298
  Eint: 20.472337511692885
  A_min: 5
  A_max: 600
  Z_min: -200
  Z_max: 200
  Xn: 0.51427847240215185
  Xp: 0.31732363650952256
  Xd: 0.066906255284671798
  Xt: 0.033856592052370002
  XHe3: 0.014821908928020463
  XLi4: 0.0070635953049243598
  Xalpha: 0.03897557209116688
  Xnuclei: 0.0067739674272123164
  mue: 191.16760921401774
  Pint: 2.1605097003850968
  mun: -31.613305150127708
  mup: -57.188097382306673
  F: -11.53319086981886
  E: 91.234913693593015
  S: 3.3988688814768522
  P: 4.4184270320319872